0.000000000000000000e+00
-3.276693376280491066e+01
-2.762068372897282842e+01
-3.587951992714869931e+01
8.584240751331188335e+01
8.080904667070035430e+01
8.778202731311520779e+01
-3.632893239270394048e+01
8.650026034951098097e+01
-5.243148752107433097e+01
8.040993990058709073e+01
7.964202362025380921e+01
2.237741427925165283e+01
4.220635827587252464e+01
7.668123115115805888e+01
4.580363718280058549e+01
2.621055087985641308e+01
-1.268136501571926118e+02
-1.643478068685533344e+01
1.705920833022975103e+01
-2.622919604423162809e+01
7.832044132635151357e+01
7.318757100037785790e+01
7.867154737311631152e+01
-1.246640223700288601e+02
5.870356884196991132e+01
3.082342757796031663e+01
3.536969822698564769e+01
2.639358423525594333e+01
7.771901582339202719e+01
-1.499274198877957360e+02
-9.746387161675417588e+01
-1.271321296498067852e+02
5.178117536644825236e+01
5.835484164537317753e+01
7.336494443148552591e+01
4.870335747438139862e+01
4.844930780183858587e+00
-1.335689180804962746e+02
-1.514887605684145058e+02
2.198392928332101803e+01
-1.624503308844282401e+00
2.306616117532627186e+01
8.487159377057281517e+00
-6.197819139714937364e-01
4.835632941788205841e+01
3.856879907980504640e+01
7.105810697121029307e+00
-8.852673992311298434e+01
1.629461622521860420e+01
5.685726963612720652e+01
6.607081024285217552e+01
-9.927272690551247081e+01
7.545606930176475657e+01
2.493313042450378703e+01
4.835370156677476672e+01
8.554761969615626072e+01
-1.199739943027185518e+01
-1.445033818059452528e+02
-1.211695101139116275e+02
2.681716187997190559e+01
2.577689471884340833e+01
-1.452823747792147060e+02
-1.087725647230698485e+02
7.981461105501514908e+01
-4.681495174731485065e+01
7.671104557213300268e+01
9.096184889081614244e+01
8.840264831638708642e+01
6.245765465896276680e+01
7.439552914880302126e+01
-3.778776607482384264e+01
8.386990371561418556e+01
-3.778325811945954626e+01
-5.420679413042696382e+01
-6.112554520741890940e+01
-6.755256187888896591e+01
-6.129155422649743912e+01
-8.585789209068495609e+01
-8.597928288021505239e+01
-8.645212659810344746e+01
-8.537252337639876032e+01
-7.563927840510127965e+01
-7.961766386908188053e+01
-9.232040448010815226e+01
-8.880441592362886638e+01
-8.343740932596865889e+01
-7.179686758057961526e+01
-1.042043319466796873e+02
-9.080327020643728986e+01
-9.204193464793088708e+01
-1.195486729933367371e+02
-9.457352216514765075e+01
-1.102967937289763114e+02
-8.708409642716179633e+01
-7.729156371291004746e+01
-1.159289329360589846e+02
-1.039035780775447790e+02
-1.213426042800879117e+02
-1.129999224386428551e+02
-9.280349750098932304e+01
-1.032536065869692976e+02
-1.000971160946324403e+02
-1.324740977628993335e+02
-1.316049001926337496e+02
-1.252883455419782166e+02
-1.349949530067377736e+02
-1.409820487214944933e+02
-1.293209575970867604e+02
-1.333518765608874048e+02
-1.422259532981617838e+02
-1.487170351997751823e+02
-1.579376568163545187e+02
-1.599116445347703177e+02
-1.379567032732624909e+02
-1.825969858180608014e+02
-1.547992125687571274e+02
-1.474939424780259571e+02
-1.580332910005086546e+02
-1.331040131803656550e+02
-1.441237814477784696e+02
-1.513447521591274949e+02
-1.234446426127655911e+02
-1.514673401685402609e+02
-1.548758105227752537e+02
-1.256915480082354861e+02
-1.229403403567098962e+02
-1.273212852802289632e+02
-1.316574918137014265e+02
-1.283273871568574123e+02
-1.058008622270115637e+02
-8.949271959649939845e+01
3.668513740186405414e+01
-1.107701276137590867e+02
-7.494609930219981209e+01
-9.575253377646059505e+01
-6.648426554220182538e+01
-8.357846064576524725e+01
-6.677129894623433870e+01
-5.204134304544944456e+01
6.581312679085533546e+01
6.189092895800519756e+01
-5.708383733727436748e+01
8.449718629294662264e+01
-5.118594708536484461e+01
4.965080600223090812e+01
-5.502416470872179133e+01
-5.055725402494576315e+01
-5.545530602304474144e+01
-6.292756320235741185e+01
-4.249027361846547279e+01
6.801297294237112112e+01
-4.792129388716990235e+01
-3.982926809095233267e+01
-3.380665360260019980e+01
-5.447725792437047687e+01
-4.561482464652123525e+01
8.181898940359053540e+01
8.607508759272485577e+01
9.085227966303153835e+01
-4.118085562735462446e+01
5.936792866139691682e+01
-4.590973835031888939e+01
7.373345684738737305e+01
-4.448501556186388939e+01
7.043047534057035364e+01
7.705237289773279485e+01
9.302115161651695985e+01
8.117766777910482290e+01
-2.455410393092500598e+01
-2.918129271993241147e+01
-3.103904559713110345e+01
-2.855924609564684147e+01
9.158123989381255114e+01
-2.803469559612255324e+01
9.354506933989490847e+01
8.221397609367144810e+01
8.284400788994236109e+01
-4.325918235886715024e+01
8.098195023388151981e+01
-3.946811921695141478e+01
7.275236098314745448e+01
-3.225311414441611646e+01
8.795087405320133200e+01
6.858109534275962460e+01
8.099673776661423119e+01
9.165720058414096627e+01
9.277371038534333536e+01
6.967329025142561250e+01
7.598103315969578375e+01
8.144920341484844073e+01
8.753682108630297876e+01
8.854971852554533029e+01
-4.529912919592305087e+01
-4.074389586259379570e+01
8.762820256891335191e+01
7.666344803966177324e+01
-2.878896515325707739e+01
-4.391906873987844051e+01
-4.060250944505379067e+01
7.314970020646099158e+01
-8.126165829652739703e+00
-8.309647795912605162e+00
-8.105136187517697266e+00
-7.855800030732628336e+00
-8.778800016082371371e+00
-8.340561716995487984e+00
-7.671882021533003915e+00
-8.544037918149330224e+00
-7.895859691073115805e+00
-7.056734053248955973e+00
-7.273174786525573587e+00
-6.964494305745070335e+00
-6.623518703285171227e+00
-5.689945419310871166e+00
-5.852790954913585253e+00
-5.244627507603388139e+00
-4.331970792394742809e+00
-4.290749073665690361e+00
-4.958891489668921793e+00
-4.410935237967961164e+00
-4.525433101106036915e+00
-4.465822697547699782e+00
-4.368969296898770338e+00
-3.611643440880994760e+00
-4.039249708939529171e+00
-3.544803695298401003e+00
-3.439470314475937318e+00
-3.547817949094667966e+00
-3.454672778610197614e+00
-3.466411619333694016e+00
-3.471593018048736212e+00
-3.110317263868461524e+00
-3.260787525999783831e+00
-3.084915744327991316e+00
-2.818711118218244938e+00
-3.085581616022485818e+00
-3.326750434307252036e+00
-3.270000112489333866e+00
-2.958041113628984586e+00
-2.940897579303118903e+00
-3.306460604041101536e+00
-3.088690360178228289e+00
-3.127877104607219128e+00
-3.589907138152995891e+00
-3.382828636028554214e+00
-3.497283274885884197e+00
-3.770562475955564707e+00
-3.640879667601371494e+00
-3.805983575899916094e+00
-4.178870972922614335e+00
-4.053603724034264388e+00
-3.971697088388599362e+00
-4.160175923677462251e+00
-4.171870718098733555e+00
-4.179970343979960923e+00
-4.670651505364794787e+00
-4.317629076105728103e+00
-4.565356054100695005e+00
-4.557070594258809670e+00
-4.534357136461001581e+00
-4.086017465799137938e+00
-4.364241237339283153e+00
-4.064561995968841046e+00
-4.280994553162861038e+00
-5.038563402240368028e+00
-4.838538386551556769e+00
-4.853936002338890887e+00
-4.667820726622862182e+00
-4.465074583044723155e+00
-4.258361010008918868e+00
-4.682821466010953948e+00
-4.618345960700821706e+00
-5.586862447333761139e+00
-5.532571024172399099e+00
-5.682183935906649275e+00
-6.064708476512615576e+00
-5.549273840257892942e+00
-5.578751703437062837e+00
-5.207992076191821695e+00
-5.628251654128269443e+00
-5.320141562589186357e+00
-5.475709695358541573e+00
-5.173038296825401616e+00
-4.959429351333285219e+00
-4.989825250502267551e+00
-4.688516464100808356e+00
-4.897527792486635612e+00
-4.685424783023187878e+00
-4.565014403135990051e+00
-4.409362217473290713e+00
-4.177444954378380260e+00
-3.845419652693136126e+00
-3.837392128007303782e+00
-3.677662587363331514e+00
-3.777973872875301176e+00
-3.435487890441932812e+00
-3.393970150077981529e+00
-3.236899074820520639e+00
-3.124548008317798775e+00
-3.022307785690319104e+00
-2.772318304193028826e+00
-2.852549039377590745e+00
-2.853640456815905058e+00
-2.628574859173238742e+00
-2.235142443163607329e+00
-2.282381039697190861e+00
-2.100532226149536275e+00
-1.971621151728022658e+00
-1.928083789945814308e+00
-1.798467777805857315e+00
-1.860663001037562436e+00
-1.723505909005843106e+00
-1.629539229434783465e+00
-1.560669447651878095e+00
-1.490163517115873582e+00
-1.375844379423234454e+00
-1.370667133890706824e+00
-1.304664895796310509e+00
-1.233785512675798834e+00
-1.159170344457039370e+00
-9.379394199046153791e-01
-9.228415280437159973e-01
-1.029107980502228070e+00
-9.890511755558999418e-01
-8.980482506730899095e-01
-6.571514124101780485e-01
-6.514800514954899313e-01
-6.842400261996273159e-01
-6.704063430600610829e-01
-6.741767376979722615e-01
-5.833327588843771894e-01
-4.775787430181926974e-01
-4.127442548772007336e-01
-4.367503096982883193e-01
-4.023306796957590858e-01
-3.393229213354920226e-01
-3.306732712480497938e-01
-2.902667472560788164e-01
-2.887026367220097978e-01
-2.796668370562363504e-01
-2.062885134077382943e-01
-1.964528890830405383e-01
-1.611571704125849547e-01
-1.521679076262683061e-01
-1.249964931858850992e-01
-1.087351377101377636e-01
-1.068030359665960716e-01
-6.639908025034869932e-02
-7.829263898266614063e-02
-6.477229534492190410e-02
-3.888234295576770833e-02
-2.980967439220527995e-02
-3.030548845716873191e-02
-1.392577591221132692e-02
-5.875714287341952946e-03
-5.218130607717199991e-04
-2.616114239210430223e-02
-4.181367927568560225e-03
-3.938339033190901102e-04
-1.713436370266453040e-02
-4.075301962033926056e-02
-2.421494726810426504e-02
-2.878009222140423540e-02
-3.519891481289599139e-02
-3.663606911573034225e-02
-3.591638925952706646e-02
-5.648578749044547154e-02
-7.452986130059997827e-02
-1.054603795866873445e-01
-1.021870025189681869e-01
-5.205507612315917604e-02
-1.361953955884124545e-01
-1.874491110220860568e-01
-2.110913319518763209e-01
-1.949066859874019619e-01
-3.646474295765674278e-01
-3.427337374905120582e-01
-4.515489786977913700e-01
-3.570537385718038914e-01
-4.485261277727183304e-01
-5.691332562940326634e-01
-5.068786667147257008e-01
-5.440546658268708979e-01
-7.398994741312562295e-01
-5.918981634538642567e-01
-6.567286802663697687e-01
-8.359887902178444463e-01
-8.068111098863210984e-01
-8.637745415129157722e-01
-7.796466173255813814e-01
-9.632756521092549207e-01
-1.078396280458701284e+00
-1.094158883713892694e+00
-1.026955623049113031e+00
-1.277214260710780369e+00
-9.859028644594620694e-01
-1.518224365406850129e+00
-1.332032509837618672e+00
-1.481979655087646064e+00
-1.309913544566837729e+00
-1.562071972728748426e+00
-1.331161670161015165e+00
-1.860394283990312925e+00
-1.497922056362043897e+00
-1.795439801783220268e+00
-1.737443209743272821e+00
-1.532550933044944719e+00
-1.728458023915916630e+00
-1.834738409910545931e+00
-1.743421732645418665e+00
-2.128478607938252942e+00
-2.046341726329765187e+00
-2.242632137708183038e+00
-1.986859147194955266e+00
-2.569325214432684135e+00
-2.726683388718716294e+00
-2.672221611910961414e+00
-2.371960589792659668e+00
-2.263927149501099301e+00
-3.061554401428103755e+00
-2.328991909901380719e+00
-2.668445504057748163e+00
-2.921369154604966489e+00
-2.964222363762137213e+00
-3.213273585927173048e+00
-3.217951144133463615e+00
-3.132217954375774660e+00
-3.355760823219406053e+00
-2.649988414019632366e+00
-3.187329841142927833e+00
-3.228880749854918353e+00
-3.048029324207079949e+00
-3.663804392849031366e+00
-3.128259324706303524e+00
-3.758630303559654440e+00
-3.235545456750114290e+00
-3.572733724747912287e+00
-3.645524751173855993e+00
-3.676767492171806762e+00
-3.582134450890983146e+00
-3.777549070693824618e+00
-3.764234366330765802e+00
-3.838861751511086773e+00
-3.910750092576260606e+00
-3.886718968695741072e+00
-3.947437484344625602e+00
-4.155259198390582220e+00
-4.274043889348011049e+00
-4.126760778858927559e+00
-3.984688760604240265e+00
-4.049955636135734949e+00
-3.236435223097696490e+00
-3.692396939165750069e+00
-3.853333651500069568e+00
-4.105443640412448580e+00
-3.729754616796618905e+00
-3.440336046160064942e+00
-4.243409023447958006e+00
-3.622894072630124196e+00
-3.711845179619337021e+00
-4.113157063970581007e+00
-3.994175029350804706e+00
-3.734587059656576891e+00
-3.590405264166555366e+00
-4.333993265271231188e+00
-3.783646536144685601e+00
-4.435858819273875042e+00
-3.837771455880936600e+00
-3.663187309442261341e+00
-4.481357627630934815e+00
-4.364635497450807478e+00
-4.394251018768958517e+00
-4.510956255256909131e+00
-4.418095447715970181e+00
-4.470124557657659814e+00
-4.543061520678171483e+00
-4.490996349513082464e+00
-4.426063272453686359e+00
-4.405443079648563298e+00
-4.487056650798126434e+00
-4.521775708273996663e+00
-4.453908864845029569e+00
-4.456326949987515995e+00
-4.258684535986085429e+00
-4.550729128545445867e+00
-4.225616034209144445e+00
-4.654656765495100323e+00
-4.064003458689916748e+00
-4.822011824300053817e+00
-4.482500495554464059e+00
-5.153062775101762583e+00
-4.921464923802968627e+00
-4.804231623333070189e+00
-4.400111353248362001e+00
-4.386885356941688130e+00
-4.667556351590883779e+00
-4.894121532640217431e+00
-4.706152718272763380e+00
-5.129887087057505290e+00
-4.996288330437735681e+00
-5.014437734687758663e+00
-5.327489416965526914e+00
-4.671722655687689851e+00
-4.500159040122462706e+00
-5.197012057226455539e+00
-4.556879275418068254e+00
-5.318949354100275251e+00
-5.038586689876011881e+00
-5.629120074202621282e+00
-5.455574670525570546e+00
-5.909463873722071270e+00
-5.664109118923655650e+00
-5.440097495496035052e+00
-5.455227974299670102e+00
-5.892712566912688743e+00
-4.814213840330828553e+00
-5.828327337589265689e+00
-5.398258793659614696e+00
-4.622240850448112504e+00
-5.712438984029804878e+00
-5.672062539967344108e+00
-5.208508681253051442e+00
-6.253419339390708487e+00
-6.039680109391342810e+00
-6.235439705052157500e+00
-6.853663019943333268e+00
-6.789213789498068863e+00
-7.136089583958228566e+00
-6.993890662328482222e+00
-7.407310765712405320e+00
-7.218124196776147805e+00
-7.392468498095896123e+00
-7.306519306779138745e+00
-7.580649679727862633e+00
-7.412468989847611489e+00
-7.182978403334489670e+00
-7.573627510917053662e+00
-7.500486446018868492e+00
-8.050369067569439707e+00
-7.854191063192199174e+00
-7.989585019808886024e+00
-8.048737001769676880e+00
-7.976355446582907405e+00
-8.009194273625952931e+00
-8.137438294009967876e+00
-8.484034065424983950e+00
-8.435273219105333453e+00
-8.754795781261906384e+00
-8.715912145058448246e+00
-9.162193828288897279e+00
-9.078306454088547639e+00
-9.440619601334930167e+00
-9.384097526530256417e+00
-9.100618650891513894e+00
-9.192853664700267657e+00
-9.892848642969360284e+00
-9.269665461653444183e+00
-9.914508350128459213e+00
-1.040547963958317190e+01
-1.045197029158928537e+01
-1.038930181491583760e+01
-1.050035494436240135e+01
-1.078045781687992921e+01
-1.098285972415025213e+01
-1.098564345902489769e+01
-1.092603179533475455e+01
-1.140395129250151740e+01
-1.174575416376640113e+01
-1.185183571360666654e+01
-1.176415525484907931e+01
-1.231655921231377881e+01
-1.256057863517869855e+01
-1.245602385411034163e+01
-1.241966068980624449e+01
-1.099924296610005214e+01
-1.134825337614537766e+01
-1.167751425419106504e+01
-1.325486083730041109e+01
-1.097884068761980281e+01
-1.107771725924483697e+01
-1.174288712466343654e+01
-1.283376203373324387e+01
-9.525365073647806824e+00
-8.938553895670001026e+00
-9.164766901041330627e+00
-1.072054471995139835e+01
-1.310690608795302126e+01
-1.224285490931755938e+01
-1.191051436424756815e+01
-1.288274890899592684e+01
-1.309535149447896885e+01
-1.211379861266072666e+01
-1.245449154892248345e+01
